lat_north = 41.639352
lat_south = 41.629407
lon_west  = -70.542846
lon_east  = -70.521095
datum_lat=41.594001
datum_lon=-70.588429
